0,274,276,241,246
1,65,357,120,385
2,266,455,441,466
3,89,96,76,40
4,282,244,279,271
5,271,495,181,482
6,133,41,252,87
7,131,84,132,197
8,195,469,201,471
9,431,447,105,452
10,436,452,273,456
11,297,345,231,459
12,132,236,262,118
13,80,383,188,489
14,273,458,239,477
15,115,40,129,95
16,235,250,278,293
17,298,214,368,243
18,277,217,299,205
19,181,510,313,448
20,371,493,310,459
21,430,511,419,473
22,90,336,78,370
23,102,423,68,324
24,415,478,460,485
25,282,246,275,236
26,244,88,192,89
27,78,357,121,351
28,69,377,77,368
29,294,218,397,247
30,191,465,291,453
31,30,402,58,430
32,72,97,73,117
33,133,95,116,119
34,294,341,284,365