0,233,255,278,209
1,439,477,422,448
2,264,104,263,128
3,227,285,273,300
4,138,177,255,95
5,70,364,142,428
6,104,336,100,338
7,31,423,71,391
8,93,89,115,104
9,23,430,85,375
10,229,468,383,256
11,62,431,108,343
12,76,96,53,126
13,240,430,445,462
14,60,133,76,79
15,140,81,201,90
16,297,459,297,457
17,134,218,172,95
18,102,57,57,68
19,263,459,301,472
20,280,287,238,299
21,383,246,360,242
22,418,471,358,493
23,58,63,226,92
24,226,350,265,358
25,365,482,396,509
26,139,205,150,93
27,384,441,327,473
28,265,254,228,474
29,234,338,288,366
30,112,94,233,97
31,120,97,240,125
32,360,253,291,208
33,378,486,410,438
34,185,503,182,479
35,355,460,372,498
36,180,93,262,123
37,373,458,453,461
38,102,74,119,116
39,83,463,55,427