0,1,414,85,470
1,69,70,140,264
2,275,275,286,262
3,146,124,165,85
4,174,428,232,377
5,381,445,433,501
6,101,399,95,324
7,375,463,187,459
8,374,488,369,486
9,137,194,150,75
10,109,348,42,429
11,157,138,237,109
12,421,442,426,472
13,268,477,350,483
14,292,342,290,287
15,112,331,96,328
16,125,286,117,352
17,103,56,64,427
18,268,465,253,373
19,323,475,381,457
20,331,478,201,475
21,311,447,401,446
22,133,82,118,96
23,60,422,119,357
24,221,373,239,314
25,232,90,272,90
26,74,139,67,127
27,416,474,374,511
28,277,236,298,223
29,167,74,162,92