0,36,142,156,135
1,160,178,231,105
2,121,144,152,28
3,58,84,148,132
4,174,47,199,79
5,78,98,202,157
6,108,70,134,108
7,42,74,73,81
8,90,80,133,6
9,26,120,136,145
10,145,126,154,156
11,158,195,204,172
12,65,103,72,88
13,231,116,62,174
14,69,86,41,44
15,234,106,48,136
16,145,139,53,161
17,85,158,51,85
18,161,150,166,138
19,85,77,46,133
20,99,143,127,37
21,78,75,127,129
22,137,127,67,36
23,73,137,128,122
24,230,122,73,130
25,81,49,98,88
26,75,102,82,41
27,93,160,165,168
28,227,91,87,141
29,89,43,110,136
30,198,113,92,92
31,22,121,68,60
32,92,146,104,43
33,45,37,121,27
34,199,53,184,64
35,94,134,133,86
36,194,173,46,64
37,161,131,161,115
38,110,80,192,173
39,198,166,174,140