0,189,142,95,139
1,168,61,200,54
2,62,41,44,96
3,18,99,34,111
4,197,81,210,69
5,142,173,201,132
6,72,129,191,170
7,209,112,243,100
8,144,141,49,82
9,160,121,149,184
10,59,74,77,128
11,164,169,86,147
12,151,188,113,45
13,182,138,79,95
14,53,36,50,140
15,56,147,209,156
16,129,38,119,110
17,130,78,97,117
18,188,86,176,49
19,146,144,185,129
20,98,132,198,153
21,224,117,163,148
22,111,198,166,168
23,108,38,139,142
24,109,92,45,79
25,71,49,54,120
26,56,39,132,55
27,191,129,67,80
28,78,169,46,72
29,118,69,168,122
30,69,83,157,113
31,43,127,187,145
32,87,147,214,116
33,217,57,177,73
34,138,199,79,106