0,199,166,125,26
1,135,115,43,59
2,188,161,130,45
3,206,178,120,16
4,199,161,206,140
5,106,196,43,79
6,219,166,170,116
7,198,172,231,110
8,122,86,96,200
9,124,117,131,143
10,83,116,143,16
11,176,135,103,91
12,32,162,223,110
13,127,114,174,164
14,34,160,217,137
15,69,150,98,142
16,126,91,208,143
17,96,165,139,9
18,142,187,130,143
19,138,51,92,115
20,102,119,44,39
21,197,162,68,148
22,176,151,44,38
23,173,124,89,154
24,180,155,72,151
25,81,40,63,91
26,144,145,137,190
27,142,131,212,167
28,77,106,93,38
29,185,166,164,123