0,107,73,103,59
1,72,191,159,39
2,106,148,27,146
3,64,138,49,128
4,169,147,113,166
5,29,156,57,137
6,67,188,29,161
7,183,74,86,76
8,145,50,127,69
9,46,164,152,162
10,155,117,159,117
11,135,69,172,72
12,126,62,75,108
13,102,94,79,128
14,161,46,130,61
15,186,105,121,168
16,98,154,112,145
17,118,176,122,181
18,172,103,188,117
19,72,121,106,105
20,169,93,133,44
21,187,77,126,145
22,48,135,146,111
23,36,141,156,120
24,176,116,86,102
25,145,106,161,75
26,152,160,25,152
27,172,83,130,101
28,91,145,87,185
29,146,42,80,101