0,100,88,150,45
1,126,53,179,80
2,130,109,117,97
3,88,105,111,166
4,77,146,142,116
5,88,160,89,188
6,96,150,172,101
7,73,95,69,121
8,146,79,100,89
9,188,94,142,147
10,142,78,159,38
11,133,92,72,95
12,121,76,122,85
13,112,100,138,50
14,133,65,179,99
15,179,87,158,45
16,89,192,123,166
17,87,179,114,157
18,141,158,160,76
19,155,90,166,119
20,161,87,158,121
21,154,139,171,101
22,133,59,168,108
23,85,128,166,80
24,111,168,143,102
25,137,150,112,172
26,104,104,135,67
27,165,114,75,156
28,175,131,97,88
29,172,95,191,102
30,32,149,114,170
31,77,178,54,125
32,106,152,148,168
33,67,166,53,129
34,180,118,138,145