0,124,125,95,101
1,73,144,166,67
2,142,88,181,99
3,155,117,189,117
4,129,180,127,142
5,134,122,171,149
6,70,163,120,159
7,160,115,112,108
8,146,57,141,42
9,86,134,191,115
10,148,101,166,87
11,112,102,164,94
12,168,87,184,113
13,136,126,57,153
14,53,136,55,150
15,149,28,165,77
16,116,140,152,114
17,167,162,139,149
18,153,132,149,144
19,81,166,65,170
20,179,111,72,77
21,81,78,131,136
22,146,83,167,67
23,102,76,160,46
24,67,170,126,121
25,130,58,106,145
26,127,50,130,60
27,127,159,165,89
28,80,71,74,96
29,99,105,89,123
30,79,129,87,123
31,152,44,180,82
32,49,129,120,178
33,72,97,147,155
34,80,82,176,89
35,96,91,51,156
36,180,103,90,101
37,131,90,155,124
38,129,132,169,93
39,86,176,143,126